60,83
60,82
0,458
60,81
607,52
607,51
607,50
607,49
607,48
607,47
607,46
607,45
607,44
607,43
607,42
607,41
607,40
607,39
607,38
607,37
607,36
0,449
60,80
60,79
60,78
60,77
60,76
607,35
9,7
9,4
9,6
9,2
9,3
8,8
8,15
8,12
586,3
586,2
586,1
586,0
582,3
582,2
582,1
582,0
581,3
581,1
513,3
513,1
479,14
479,13
479,12
479,5
479,1
474,4
474,3
474,1
470,15
470,14
470,13
470,11
470,10
470,9
470,8
470,7
470,6
470,5
470,3
470,1
443,4
443,3
443,1
441,4
441,3
441,1
426,11
426,10
426,9
426,8
426,5
426,4
426,1
403,6
403,1
390,8
390,1
389,5
389,1
249,11
249,10
249,9
249,8
249,6
249,4
249,1
227,15
227,14
227,1
170,3
170,1
60,75
60,74
60,73
60,72
60,71
60,70
60,69
60,68
60,67
60,66
60,65
60,64
60,35
60,34
60,33
60,32
60,31
60,30
60,29
60,28
60,27
60,26
60,25
60,17
60,16
60,15
60,14
60,13
60,1
26,5
26,4
26,3
26,1
25,3
25,1
20,3
20,2
20,1
19,3
19,2
19,1
18,3
18,1
14,17
14,13
14,10
14,9
14,8
2,2
14,6
2,1
2,3
14,3
14,1
13,3
13,1
12,3
12,2
12,1
11,30
11,29
11,26
11,24
11,19
11,18
11,16
11,15
11,12
11,10
11,9
11,8
11,6
11,4
11,3
11,2
11,1
10,295
10,276
10,264
10,257
10,252
10,224
10,189
10,187
